2345,5392,1234,1235,1236,2500,2600,2700,3000,1759,1842,1850,1899,1900,2000,1991,2020,2021,1113,1234,6829,5000,6000,7000

ITERACIÓN #1
[2500, 2600, 2700, 3000, 1850, 1900, 2000, 2020, 5000, 6000, 7000, 1991, 2021, 5392, 1842, 1113, 1234, 1234, 2345, 1235, 1236, 1759, 1899, 6829]


ITERACIÓN #2
[2500, 2600, 2700, 3000, 1900, 2000, 5000, 6000, 7000, 1113, 2020, 2021, 6829, 1234, 1234, 1235, 1236, 1842, 2345, 1850, 1759, 1991, 5392, 1899]


ITERACIÓN #3
[3000, 2000, 5000, 6000, 7000, 2020, 2021, 1113, 1234, 1234, 1235, 1236, 2345, 5392, 2500, 2600, 2700, 1759, 6829, 1842, 1850, 1899, 1900, 1991]


ITERACIÓN #4
********** ELEMENTOS ORDENADOS **********
[1113, 1234, 1234, 1235, 1236, 1759, 1842, 1850, 1899, 1900, 1991, 2000, 2020, 2021, 2345, 2500, 2600, 2700, 3000, 5000, 5392, 6000, 6829, 7000]
